<?xml version="1.0" encoding="UTF-8" standalone="no" ?>
<SimscapeMultibodyImportXML version="2.0" xmlns="urn:mathworks:SimscapeMultibody:import" xmlns:xsi="http://www.w3.org/2001/XMLSchema-instance">
<Created by="" on="08/18/25||07:09:10" using="Simscape Multibody Link Version 7.4" from="SolidWorks 27.5.1"/>
<ModelUnits mass="kilogram" length="millimeter"/>
<DataUnits mass="kilogram" length="meter"/>
<RootAssembly name="AerialPlatformTotal-NoTube" uid="AerialPlatformTotal-NoTube" version="2708">
<AssemblyFile name="AerialPlatformTotal-NoTube.SLDASM" type="SolidWorks Assembly"/>
<InstanceTree>
<Instance name="TopView-1" uid="TopView-1" entityUid="TopView*:*Default">
<Transform>
<Rotation>1 0 0 0 1 0 0 0 1</Rotation>
<Translation>4.2317428207100757e-15 1.7198949066853129e-15 -0.060224309645035723</Translation>
</Transform>
</Instance>
<Instance name="Servo SSPS-105-1" uid="Servo SSPS-105-1" entityUid="Servo SSPS-105*:*Default">
<Transform>
<Rotation>-0.0086943631862852547 2.094027603146372e-15 -0.99996220331009777 2.8172911446234605e-14 1 1.8491519708413798e-15 0.99996220331009777 -2.8155769404615904e-14 -0.0086943631862852547</Rotation>
<Translation>0.018238414647208732 -0.11700000000000077 -0.087566771698707038</Translation>
</Transform>
</Instance>
<Instance name="Arm_2nd-1" uid="Arm_2nd-1" entityUid="Arm_2nd*:*Default">
<Transform>
<Rotation>-0.99996220331009766 -0.00044957159303625049 0.008682732092939684 1.6493298493993648e-15 0.9986622259622342 0.051708398120183435 -0.0086943631862851194 0.051706443713894358 -0.9986244798357623</Rotation>
<Translation>0.0094582687412941846 -0.16737664460273896 0.0021251388822157713</Translation>
</Transform>
</Instance>
<Instance name="Servo D5545GS-1" uid="Servo D5545GS-1" entityUid="Servo D5545GS*:*Default">
<Transform>
<Rotation>-0.99996220331009733 0.0086827320929798463 0.00044957159303606455 3.9087258616962196e-15 0.051708398120183123 -0.99866222596223442 -0.0086943631863252158 -0.99862447983576219 -0.051706443713894053</Rotation>
<Translation>-0.0028127104683628485 -0.1204281430895258 0.033239022839382341</Translation>
</Transform>
</Instance>
<Instance name="Servo D5545GS-3" uid="Servo D5545GS-3" entityUid="Servo D5545GS*:*Default">
<Transform>
<Rotation>-0.00044957159303843093 -0.11413027640074422 0.99346569034570709 0.99866222596223309 -0.051419829281617653 -0.0054552353576206945 0.051706443713917027 0.99213420521890039 0.11400071277461597</Rotation>
<Translation>-0.053555984811787014 -0.15854879236181835 -0.047082886365376608</Translation>
</Transform>
</Instance>
<Instance name="Servo PGS-CX II-1" uid="Servo PGS-CX II-1" entityUid="Servo PGS-CX II*:*Default">
<Transform>
<Rotation>-1 1.3467005288703149e-13 0 0 -1.4022394603874768e-16 -0.99999999999999967 -1.3467005288703149e-13 -1 1.4022394603875152e-16</Rotation>
<Translation>1.0869742733786032e-14 0.042200000000001694 -0.049224309645035727</Translation>
</Transform>
</Instance>
<Instance name="wrist_1st_joint-1" uid="wrist_1st_joint-1" entityUid="wrist_1st_joint*:*Default">
<Transform>
<Rotation>0.9934656903457072 -0.00044957159303598871 -0.11413027640074415 -0.0054552353576205461 0.99866222596223431 -0.051419829281595011 0.11400071277461596 0.051706443713894573 0.99213420521890183</Rotation>
<Translation>-7.3232136895677661e-05 -0.16082024057233341 -0.0027469450835720874</Translation>
</Transform>
</Instance>
<Instance name="Arm_1st-1" uid="Arm_1st-1" entityUid="Arm_1st*:*Default">
<Transform>
<Rotation>0.99996220331009755 0.0083993172702409354 -0.0022457561329899912 -1.6589076744504424e-15 0.25830024406320556 0.96606468930237188 0.0086943631862851107 -0.96602817525488471 0.25829048116897896</Rotation>
<Translation>-0.0062465301455358838 -0.1941207747141431 0.428171902520946</Translation>
</Transform>
</Instance>
<Instance name="Arm_Base-2" uid="Arm_Base-2" entityUid="Arm_Base*:*Default">
<Transform>
<Rotation>0.99996220331009755 -0.0086943631862852547 -1.8480615903186608e-15 -1.8491519708382843e-15 -1.1737359874830808e-16 -0.99999999999999989 0.0086943631862852547 0.99996220331009755 -1.3344636123589666e-16</Rotation>
<Translation>0.00025648371399955425 -0.13699999999999826 -0.089723194642683635</Translation>
</Transform>
</Instance>
<Instance name="Device-1" uid="Device-1" entityUid="Device*:*Default">
<Transform>
<Rotation>-4.0063995649448751e-15 -1 -1.2246467991474777e-16 1 -4.0063995649448743e-15 -1.1737359874882663e-16 1.1737359874882584e-16 -1.2246467991474777e-16 1</Rotation>
<Translation>0.15398130817692893 0.0020000000000023311 0.8898478621565622</Translation>
</Transform>
</Instance>
<Instance name="ProbrHolder-1" uid="ProbrHolder-1" entityUid="ProbrHolder*:*Default">
<Transform>
<Rotation>-0.9934656903457072 0.0029442638102857677 0.11409317865912465 0.0054552353576209044 0.99974959808548469 0.021702109001310609 -0.11400071277461583 0.022182705843229445 -0.99323298628687939</Rotation>
<Translation>0.001582120592681242 -0.15970318154424587 -0.017119156295895534</Translation>
</Transform>
</Instance>
<Instance name="Tmotor_MN505S_Base-1" uid="Tmotor_MN505S_Base-1" entityUid="Tmotor_MN505S_Base*:*Default">
<Transform>
<Rotation>0.9699619785377539 0.24325657276037946 -1.6489634986748667e-16 1.700029006457271e-16 0 1 0.24325657276037946 -0.96996197853775401 0</Rotation>
<Translation>-0.42542705980258833 0.031879689135366991 0.21264836917465355</Translation>
</Transform>
</Instance>
<Instance name="Prob-1" uid="Prob-1" entityUid="Prob*:*Default">
<Transform>
<Rotation>-0.11409317865912572 0.050025461649805904 -0.9922097559337848 -0.021702109001311205 0.99836759674415543 0.052831432274687576 0.99323298628687939 0.027560750316772797 -0.11282127456124785</Rotation>
<Translation>0.12600073192045783 -0.13603703167831599 -1.1002397278417375</Translation>
</Transform>
</Instance>
<Instance name="Tmotor_MN505S_Skin-2" uid="Tmotor_MN505S_Skin-2" entityUid="Tmotor_MN505S_Skin*:*Default">
<Transform>
<Rotation>0.47875142349499888 -0.87795049661214519 -1.340241176752354e-16 0 -1.5265566588595902e-16 1 -0.87795049661214497 -0.47875142349499894 0</Rotation>
<Translation>-0.58142109249222484 0.030879689135367022 0.79090317953834821</Translation>
</Transform>
</Instance>
<Instance name="Tmotor_MN505S_Base-2" uid="Tmotor_MN505S_Base-2" entityUid="Tmotor_MN505S_Base*:*Default">
<Transform>
<Rotation>0.95387977826639581 0.30018888822614942 -1.8388068845354155e-16 2.1510571102112408e-16 0 1 0.30018888822614948 -0.95387977826639581 0</Rotation>
<Translation>-0.58142109249222285 0.031879689135366929 0.79090317953834965</Translation>
</Transform>
</Instance>
<Instance name="Prop_22_66_CCW-3" uid="Prop_22_66_CCW-3" entityUid="Prop_22_66_CCW*:*Default">
<Transform>
<Rotation>-0.10466086246903403 0 -0.99450797074092767 0 1 -2.4806545706468341e-16 0.99450797074092789 0 -0.10466086246903407</Rotation>
<Translation>-0.5817254083827974 0.062379689135367025 0.79087115368786998</Translation>
</Transform>
</Instance>
<Instance name="Servo X20-7512-1" uid="Servo X20-7512-1" entityUid="Servo X20-7512*:*Default">
<Transform>
<Rotation>-0.0022457561329884759 -0.0083993172702413466 0.99996220331009755 0.96606468930241862 -0.25830024406303148 -1.6620455080035464e-15 0.25829048116880488 0.96602817525493145 0.0086943631862851228</Rotation>
<Translation>-0.058385851010345463 -0.17678850168983601 0.42096610405238483</Translation>
</Transform>
</Instance>
<Instance name="Tmotor_MN505S_Skin-1" uid="Tmotor_MN505S_Skin-1" entityUid="Tmotor_MN505S_Skin*:*Default">
<Transform>
<Rotation>0.98852545948516957 0.15105434766875747 -1.2663481374630692e-16 -1.1449174941446927e-16 0 1 0.15105434766875747 -0.98852545948516979 0</Rotation>
<Translation>-0.42542705980258994 0.030879689135366928 0.21264836917465041</Translation>
</Transform>
</Instance>
<Instance name="Prop_22_66_CW-2" uid="Prop_22_66_CW-2" entityUid="Prop_22_66_CW*:*Default">
<Transform>
<Rotation>0.14454701533488687 -5.6551985316843911e-16 0.98949793347827464 0 1 4.7878367936959876e-16 -0.98949793347827442 0 0.14454701533488687</Rotation>
<Translation>-0.42512427696554356 0.062379689135366921 0.21269260004558901</Translation>
</Transform>
</Instance>
<Instance name="Prop_22_66_CW-1" uid="Prop_22_66_CW-1" entityUid="Prop_22_66_CW*:*Default">
<Transform>
<Rotation>-0.14454701533488604 -3.0964814046186007e-16 -0.98949793347827464 -2.7755575615628914e-16 1 -2.2204460492503131e-16 0.98949793347827497 2.0816681711721685e-16 -0.14454701533488606</Rotation>
<Translation>-0.42572984263963631 0.062379689135366921 0.2126041383037118</Translation>
</Transform>
</Instance>
<Instance name="Prop_22_66_CCW-4" uid="Prop_22_66_CCW-4" entityUid="Prop_22_66_CCW*:*Default">
<Transform>
<Rotation>0.10466086246903403 0 0.99450797074092767 0 1 2.4806545706468341e-16 -0.99450797074092789 0 0.10466086246903407</Rotation>
<Translation>-0.58111677660165229 0.062379689135367025 0.79093520538882645</Translation>
</Transform>
</Instance>
<Instance name="Prop_22_66_CW-5" uid="Prop_22_66_CW-5" entityUid="Prop_22_66_CW*:*Default">
<Transform>
<Rotation>0.19622070253171911 -1.7885616680325499e-16 -0.98055975641363058 0 1 -1.7129372137873129e-16 0.98055975641363058 0 0.19622070253171911</Rotation>
<Translation>-0.70624888378363015 0.062379689135366803 1.3482300241500336</Translation>
</Transform>
</Instance>
<Instance name="Tmotor_MN505S_Base-3" uid="Tmotor_MN505S_Base-3" entityUid="Tmotor_MN505S_Base*:*Default">
<Transform>
<Rotation>0.95997399243726422 -0.28008915338523804 -4.3801767768414379e-16 4.3715031594615539e-16 0 1 -0.2800891533852381 -0.95997399243726411 1.1102230246251565e-16</Rotation>
<Translation>-0.70594883599687019 0.031879689135366839 1.3481699813151899</Translation>
</Transform>
</Instance>
<Instance name="Prop_22_66_CCW-2" uid="Prop_22_66_CCW-2" entityUid="Prop_22_66_CCW*:*Default">
<Transform>
<Rotation>-0.88555454293383329 -1.9775847626135601e-16 0.46453541467712656 -1.1102230246251565e-16 1 1.6653345369377348e-16 -0.46453541467712656 1.6653345369377348e-16 -0.88555454293383318</Rotation>
<Translation>-0.31339029956844849 0.062379689135367004 1.7864131026783319</Translation>
</Transform>
</Instance>
<Instance name="Tmotor_MN505S_Skin-5" uid="Tmotor_MN505S_Skin-5" entityUid="Tmotor_MN505S_Skin*:*Default">
<Transform>
<Rotation>0.26025388246557329 0.96554022011596985 0 0 0 0.99999999999999989 0.96554022011596985 -0.26025388246557324 0</Rotation>
<Translation>0.31353244574783673 0.030879689135366338 1.7866840792087535</Translation>
</Transform>
</Instance>
<Instance name="Tmotor_MN505S_Base-4" uid="Tmotor_MN505S_Base-4" entityUid="Tmotor_MN505S_Base*:*Default">
<Transform>
<Rotation>0.93969262078590732 0.34202014332567154 -2.2551405187698492e-16 1.3877787807814457e-16 1.6653345369377348e-16 1 0.34202014332567165 -0.93969262078590732 0</Rotation>
<Translation>-0.31353244574787287 0.031879689135366859 1.7866840792087442</Translation>
</Transform>
</Instance>
<Instance name="Tmotor_MN505S_Skin-3" uid="Tmotor_MN505S_Skin-3" entityUid="Tmotor_MN505S_Skin*:*Default">
<Transform>
<Rotation>-0.98182957757545009 0.18976480336989052 -4.4160179845448505e-16 -4.3368086899420172e-16 0 1 0.18976480336989052 0.98182957757545009 0</Rotation>
<Translation>-0.70594883599687352 0.030879689135366803 1.3481699813151882</Translation>
</Transform>
</Instance>
<Instance name="Prop_22_66_CW-6" uid="Prop_22_66_CW-6" entityUid="Prop_22_66_CW*:*Default">
<Transform>
<Rotation>-0.19622070253171942 -5.0999158133178608e-16 0.98055975641363058 -1.1102230246251564e-16 1 4.9788572695610562e-16 -0.98055975641363058 0 -0.19622070253171942</Rotation>
<Translation>-0.7056487882101169 0.062379689135366803 1.3481099384803428</Translation>
</Transform>
</Instance>
<Instance name="Tmotor_MN505S_Base-5" uid="Tmotor_MN505S_Base-5" entityUid="Tmotor_MN505S_Base*:*Default">
<Transform>
<Rotation>0.93969262078590599 -0.34202014332567526 -2.8229600316066283e-16 1.3877787807814452e-16 -4.4408920985006252e-16 1 -0.34202014332567521 -0.93969262078590599 -3.6984252371602736e-16</Rotation>
<Translation>0.31353244574784134 0.031879689135366887 1.7866840792087524</Translation>
</Transform>
</Instance>
<Instance name="Tmotor_MN505S_Skin-4" uid="Tmotor_MN505S_Skin-4" entityUid="Tmotor_MN505S_Skin*:*Default">
<Transform>
<Rotation>-0.55242527802869734 0.83356242249451029 -2.5394932339311434e-16 -1.6653345369377346e-16 1.9428902930940235e-16 1 0.83356242249451018 0.55242527802869745 0</Rotation>
<Translation>-0.31353244574784478 0.030879689135367025 1.7866840792087491</Translation>
</Transform>
</Instance>
<Instance name="Prop_22_66_CCW-1" uid="Prop_22_66_CCW-1" entityUid="Prop_22_66_CCW*:*Default">
<Transform>
<Rotation>0.88555454293383329 -1.9775847626135601e-16 -0.46453541467712656 1.1102230246251565e-16 1 -1.6653345369377348e-16 0.46453541467712656 1.6653345369377348e-16 0.88555454293383318</Rotation>
<Translation>-0.31367459192724106 0.062379689135367018 1.7869550557391662</Translation>
</Transform>
</Instance>
<Instance name="Prop_22_66_CW-9" uid="Prop_22_66_CW-9" entityUid="Prop_22_66_CW*:*Default">
<Transform>
<Rotation>0.96380696441307778 -2.1510571102112408e-16 0.26660107904667019 3.3306690738754696e-16 1 1.1102230246251565e-16 -0.2666010790466703 0 0.96380696441307745</Rotation>
<Translation>0.31361402472677369 0.062379689135366331 1.7869790007009332</Translation>
</Transform>
</Instance>
<Instance name="Prop_22_66_CW-10" uid="Prop_22_66_CW-10" entityUid="Prop_22_66_CW*:*Default">
<Transform>
<Rotation>-0.96380696441307745 0 -0.26660107904667052 0 1 1.1102230246251565e-16 0.26660107904667046 0 -0.96380696441307745</Rotation>
<Translation>0.31345086676889977 0.062379689135366324 1.7863891577165738</Translation>
</Transform>
</Instance>
<Instance name="Tmotor_MN505S_Skin-6" uid="Tmotor_MN505S_Skin-6" entityUid="Tmotor_MN505S_Skin*:*Default">
<Transform>
<Rotation>-0.24970360753938164 0.96832231637085509 -1.1338586126867669e-15 -2.2204460492503126e-16 1.11369247157711e-15 0.99999999999999989 0.96832231637085509 0.24970360753938164 0</Rotation>
<Translation>0.70594883599687452 0.030879689135366716 1.3481699813151942</Translation>
</Transform>
</Instance>
<Instance name="Arm3-6-2" uid="Arm3-6-2" entityUid="Arm3-6*:*Default">
<Transform>
<Rotation>0.95997399243726655 0 0.28008915338523027 0 1 0 -0.28008915338523027 0 0.95997399243726655</Rotation>
<Translation>-0.70594883599687008 0.028879689135366933 1.3481699813151899</Translation>
</Transform>
</Instance>
<Instance name="Arm1-8-2" uid="Arm1-8-2" entityUid="Arm1-8*:*Default">
<Transform>
<Rotation>-0.96996197853775268 0 -0.24325657276038476 -1.6306400674181987e-16 1 0 0.24325657276038481 0 -0.96996197853775268</Rotation>
<Translation>0.42542705980259721 0.028879689135366989 0.21264836917464941</Translation>
</Transform>
</Instance>
<Instance name="Camera-1" uid="Camera-1" entityUid="Camera*:*Default">
<Transform>
<Rotation>0.98542443706216698 0.016869603424219712 0.16927520586613043 -0.029639132345190271 0.99687708497510674 0.073195623403031804 -0.16751179264319155 -0.07714592621677259 0.98284704069026974</Rotation>
<Translation>-0.0045654842742072106 0.13942248960769582 -0.011745282362575167</Translation>
</Transform>
</Instance>
<Instance name="CamBase-1" uid="CamBase-1" entityUid="CamBase*:*Default">
<Transform>
<Rotation>1 0 0 0 1 0 0 0 1</Rotation>
<Translation>1.6293233647533906e-14 0.10882416768708192 0.014775690354966318</Translation>
</Transform>
</Instance>
<Instance name="Cam-RP-Arm-1" uid="Cam-RP-Arm-1" entityUid="Cam-RP-Arm*:*Default">
<Transform>
<Rotation>0.98542443706216643 0.029219962675840854 0.16758541888223699 -0.029639132345190694 0.99956066440903135 0 -0.16751179264319466 -0.0049670864093748681 0.98585755937562547</Rotation>
<Translation>-0.00021141536289401584 0.13982482669046856 0.013797283425207266</Translation>
</Transform>
</Instance>
<Instance name="Arm1-8-1" uid="Arm1-8-1" entityUid="Arm1-8*:*Default">
<Transform>
<Rotation>0.9699619785377529 0 -0.24325657276038459 0 1 0 0.24325657276038445 0 0.96996197853775279</Rotation>
<Translation>-0.42542705980258932 0.028879689135366964 0.21264836917465157</Translation>
</Transform>
</Instance>
<Instance name="Arm2-7-1" uid="Arm2-7-1" entityUid="Arm2-7*:*Default">
<Transform>
<Rotation>-0.95387977826639414 0 -0.30018888822615447 -2.5673907444456745e-16 0.99999999999999989 0 0.30018888822615447 0 -0.95387977826639414</Rotation>
<Translation>0.58142109249223062 0.028879689135367054 0.7909031795383471</Translation>
</Transform>
</Instance>
<Instance name="Arm2-7-2" uid="Arm2-7-2" entityUid="Arm2-7*:*Default">
<Transform>
<Rotation>0.95387977826639414 0 -0.30018888822615447 0 1.0000000000000002 0 0.30018888822615442 0 0.95387977826639425</Rotation>
<Translation>-0.58142109249222285 0.02887968913536703 0.79090317953834965</Translation>
</Transform>
</Instance>
<Instance name="Cam-YR-Arm-1" uid="Cam-YR-Arm-1" entityUid="Cam-YR-Arm*:*Default">
<Transform>
<Rotation>0.9858575593756258 0 -0.16758541888223627 0 -1 0 -0.16758541888223627 0 -0.9858575593756258</Rotation>
<Translation>-0.0014787863390471653 0.14132416768708198 0.015027068483289677</Translation>
</Transform>
</Instance>
<Instance name="Arm3-6-1" uid="Arm3-6-1" entityUid="Arm3-6*:*Default">
<Transform>
<Rotation>-0.95997399243726644 1.1078360946296072e-16 0.28008915338523027 0 0.99999999999999989 -1.814893211403787e-16 -0.28008915338523033 -1.5673344792908073e-16 -0.95997399243726633</Rotation>
<Translation>0.70594883599687785 0.028879689135366926 1.3481699813151924</Translation>
</Transform>
</Instance>
<Instance name="Arm4-5-1" uid="Arm4-5-1" entityUid="Arm4-5*:*Default">
<Transform>
<Rotation>-0.34202014332566777 0 0.93969262078590898 0 1 0 -0.93969262078590876 1.1102230246251565e-16 -0.34202014332566766</Rotation>
<Translation>0.31353244574784134 0.028879689135366888 1.7866840792087524</Translation>
</Transform>
</Instance>
<Instance name="Arm4-5-2" uid="Arm4-5-2" entityUid="Arm4-5*:*Default">
<Transform>
<Rotation>0.34202014332566755 0 0.93969262078590898 0 1 0 -0.93969262078590887 0 0.34202014332566755</Rotation>
<Translation>-0.31353244574784034 0.028879689135366857 1.7866840792087499</Translation>
</Transform>
</Instance>
<Instance name="Cover-2" uid="Cover-2" entityUid="Cover*:*Default">
<Transform>
<Rotation>1 0 0 0 1 0 0 0 1</Rotation>
<Translation>-0.37843528002445431 0.0020000000000017122 1.0100427543001591</Translation>
</Transform>
</Instance>
<Instance name="Tmotor_MN505S_Base-6" uid="Tmotor_MN505S_Base-6" entityUid="Tmotor_MN505S_Base*:*Default">
<Transform>
<Rotation>0.2800891533852215 -0.95997399243726911 -1.1631320906424492e-15 0 -1.1171619185290638e-15 1 -0.95997399243726922 -0.2800891533852215 -3.0531133177191805e-16</Rotation>
<Translation>0.70594883599687785 0.031879689135366922 1.3481699813151924</Translation>
</Transform>
</Instance>
<Instance name="Prop_22_66_CCW-7" uid="Prop_22_66_CCW-7" entityUid="Prop_22_66_CCW*:*Default">
<Transform>
<Rotation>0.39443013249447378 7.4853317988399226e-16 -0.9189259331308437 -1.3877787807814457e-16 1.0000000000000002 7.7021722333370235e-16 0.91892593313084392 -2.0816681711721685e-16 0.39443013249447378</Rotation>
<Translation>0.42514587174585067 0.062379689135367018 0.21276906338783946</Translation>
</Transform>
</Instance>
<Instance name="TATTU Semi-solid 17000mAh 5C 22.2V 6S1P-1" uid="TATTU Semi-solid 17000mAh 5C 22.2V 6S1P-1" entityUid="TATTU Semi-solid 17000mAh 5C 22.2V 6S1P*:*Default">
<Transform>
<Rotation>0 0 1 0 1 0 -1 0 0</Rotation>
<Translation>0.035750000000004223 0.0020000000000018193 0.74450399008656376</Translation>
</Transform>
</Instance>
<Instance name="Prop_22_66_CW-14" uid="Prop_22_66_CW-14" entityUid="Prop_22_66_CW*:*Default">
<Transform>
<Rotation>-0.16878273898587628 4.9453336382913769e-16 0.98565327931297708 1.6653345369377346e-16 1 -4.7321446716743452e-16 -0.98565327931297708 0 -0.16878273898587628</Rotation>
<Translation>0.58172269887881844 0.062379689135366984 0.79085153262244734</Translation>
</Transform>
</Instance>
<Instance name="FLAME 70A 6S-2" uid="FLAME 70A 6S-2" entityUid="FLAME 70A 6S*:*Default">
<Transform>
<Rotation>0.9538797782663937 0 -0.3001888882261563 0 1 0 0.3001888882261563 0 0.9538797782663937</Rotation>
<Translation>-0.1849690125652885 0.00200000000000172 0.91776456381901772</Translation>
</Transform>
</Instance>
<Instance name="Tmotor_MN505S_Base-7" uid="Tmotor_MN505S_Base-7" entityUid="Tmotor_MN505S_Base*:*Default">
<Transform>
<Rotation>0.95387977826639336 -0.30018888822615708 1.6913553890773869e-16 0 1.6653345369377348e-16 0.99999999999999989 -0.30018888822615708 -0.95387977826639336 0</Rotation>
<Translation>0.58142109249222851 0.031879689135367047 0.79090317953834854</Translation>
</Transform>
</Instance>
<Instance name="TATTU Semi-solid 17000mAh 5C 22.2V 6S1P-3" uid="TATTU Semi-solid 17000mAh 5C 22.2V 6S1P-3" entityUid="TATTU Semi-solid 17000mAh 5C 22.2V 6S1P*:*Default">
<Transform>
<Rotation>0 0 1 0 1 0 -1 0 0</Rotation>
<Translation>0.11225000000000421 0.0020000000000018189 0.74450399008656376</Translation>
</Transform>
</Instance>
<Instance name="Prop_22_66_CCW-5" uid="Prop_22_66_CCW-5" entityUid="Prop_22_66_CCW*:*Default">
<Transform>
<Rotation>-0.12733041306347964 -1.951563910473908e-16 0.9918603560527478 -3.3306690738754696e-16 1 2.3592239273284576e-16 -0.99186035605274769 -3.6082248300317588e-16 -0.12733041306347961</Rotation>
<Translation>0.7062523417267994 0.062379689135366706 1.3481310186631206</Translation>
</Transform>
</Instance>
<Instance name="Prop_22_66_CCW-6" uid="Prop_22_66_CCW-6" entityUid="Prop_22_66_CCW*:*Default">
<Transform>
<Rotation>0.12733041306348 0 -0.9918603560527478 4.4408920985006252e-16 1 0 0.9918603560527478 -4.4542450483142765e-16 0.12733041306348</Rotation>
<Translation>0.70564533026694964 0.062379689135366699 1.3482089439672678</Translation>
</Transform>
</Instance>
<Instance name="Prop_22_66_CW-13" uid="Prop_22_66_CW-13" entityUid="Prop_22_66_CW*:*Default">
<Transform>
<Rotation>0.16878273898587601 3.8842633663453843e-16 -0.98565327931297708 -1.9428902930940237e-16 1 3.6081014447664109e-16 0.98565327931297708 1.3060309443469044e-16 0.16878273898587601</Rotation>
<Translation>0.58111948610563879 0.062379689135366984 0.7909548264542493</Translation>
</Transform>
</Instance>
<Instance name="Tmotor_MN505S_Skin-7" uid="Tmotor_MN505S_Skin-7" entityUid="Tmotor_MN505S_Skin*:*Default">
<Transform>
<Rotation>-0.98674246049229719 0.16229392059349373 4.3107878378023656e-16 6.0021432268797525e-16 -1.6653345369377348e-16 1 0.16229392059349379 0.98674246049229719 0</Rotation>
<Translation>0.58142109249222862 0.030879689135366983 0.79090317953834832</Translation>
</Transform>
</Instance>
<Instance name="Tmotor_MN505S_Base-8" uid="Tmotor_MN505S_Base-8" entityUid="Tmotor_MN505S_Base*:*Default">
<Transform>
<Rotation>0.24325657276039975 0.96996197853774879 3.6011167881353869e-16 0 -3.6082248300317583e-16 0.99999999999999989 0.96996197853774879 -0.24325657276039975 0</Rotation>
<Translation>0.42542705980259982 0.031879689135366873 0.21264836917464411</Translation>
</Transform>
</Instance>
<Instance name="Tmotor_MN505S_Skin-8" uid="Tmotor_MN505S_Skin-8" entityUid="Tmotor_MN505S_Skin*:*Default">
<Transform>
<Rotation>-0.63939876162096609 -0.76887529784586961 0 0 0 1 -0.76887529784586972 0.63939876162096609 0</Rotation>
<Translation>0.42542705980259665 0.030879689135367015 0.21264836917465052</Translation>
</Transform>
</Instance>
<Instance name="Prop_22_66_CCW-8" uid="Prop_22_66_CCW-8" entityUid="Prop_22_66_CCW*:*Default">
<Transform>
<Rotation>-0.39443013249447367 2.0469737016526324e-16 0.91892593313084381 1.8041124150158794e-16 1 -1.6653345369377348e-16 -0.9189259331308437 1.2490009027033011e-16 -0.39443013249447367</Rotation>
<Translation>0.42570824785934253 0.062379689135367018 0.21252767496146158</Translation>
</Transform>
</Instance>
<Instance name="TATTU Semi-solid 17000mAh 5C 22.2V 6S1P-2" uid="TATTU Semi-solid 17000mAh 5C 22.2V 6S1P-2" entityUid="TATTU Semi-solid 17000mAh 5C 22.2V 6S1P*:*Default">
<Transform>
<Rotation>0 0 1 0 1 0 -1 0 0</Rotation>
<Translation>-0.040749999999995755 0.0020000000000018089 0.74450399008656376</Translation>
</Transform>
</Instance>
<Instance name="FLAME 70A 6S-1" uid="FLAME 70A 6S-1" entityUid="FLAME 70A 6S*:*Default">
<Transform>
<Rotation>0.95997399243726678 0 0.28008915338522955 0 1 0 -0.28008915338522955 0 0.95997399243726678</Rotation>
<Translation>-0.27009117456691184 0.002000000000001792 1.2626687031211914</Translation>
</Transform>
</Instance>
<Instance name="FLAME 70A 6S-4" uid="FLAME 70A 6S-4" entityUid="FLAME 70A 6S*:*Default">
<Transform>
<Rotation>0.34202014332564945 0 0.93969262078591542 0 1 0 -0.93969262078591542 0 0.34202014332564945</Rotation>
<Translation>-0.20559042513417397 0.0020000000000018766 1.3146875509526148</Translation>
</Transform>
</Instance>
<Instance name="FLAME 70A 6S-5" uid="FLAME 70A 6S-5" entityUid="FLAME 70A 6S*:*Default">
<Transform>
<Rotation>-0.34202014332566755 0 0.93969262078590876 0 1 0 -0.93969262078590876 0 -0.34202014332566755</Rotation>
<Translation>0.20559042513417974 0.0020000000000018549 1.3146875509526146</Translation>
</Transform>
</Instance>
<Instance name="FLAME 70A 6S-6" uid="FLAME 70A 6S-6" entityUid="FLAME 70A 6S*:*Default">
<Transform>
<Rotation>-0.95387977826639347 0 -0.3001888882261563 0 1 0 0.3001888882261563 0 -0.95387977826639347</Rotation>
<Translation>0.18496901256529685 0.0020000000000017287 0.91776456381901783</Translation>
</Transform>
</Instance>
<Instance name="FLAME 70A 6S-7" uid="FLAME 70A 6S-7" entityUid="FLAME 70A 6S*:*Default">
<Transform>
<Rotation>0.96996197853775246 0 -0.24325657276038523 0 1 0 0.24325657276038523 0 0.96996197853775246</Rotation>
<Translation>-0.02774010308131071 0.0020000000000017152 0.33506550381587585</Translation>
</Transform>
</Instance>
<Instance name="FLAME 70A 6S-8" uid="FLAME 70A 6S-8" entityUid="FLAME 70A 6S*:*Default">
<Transform>
<Rotation>-0.96996197853775235 0 -0.24325657276038526 0 1 0 0.24325657276038526 0 -0.96996197853775235</Rotation>
<Translation>0.032072756703449327 0.0020000000000017248 0.29067825212588477</Translation>
</Transform>
</Instance>
<Instance name="Autopilot-1" uid="Autopilot-1" entityUid="Autopilot*:*Default">
<Transform>
<Rotation>1.2246467991473485e-16 -4.0063995649448751e-15 1 1.1737359874882471e-16 1 4.0063995649448751e-15 -1 1.1737359874882395e-16 1.2246467991473581e-16</Rotation>
<Translation>0.061250000000004128 0.002000000000001969 0.47950399008656375</Translation>
</Transform>
</Instance>
<Instance name="IMU-1" uid="IMU-1" entityUid="IMU*:*Default">
<Transform>
<Rotation>1 0 0 0 1 0 0 0 1</Rotation>
<Translation>0.061250000000004204 0.0020000000000017647 0.39150399008656372</Translation>
</Transform>
</Instance>
<Instance name="FLAME 70A 6S-3" uid="FLAME 70A 6S-3" entityUid="FLAME 70A 6S*:*Default">
<Transform>
<Rotation>-0.95997399243726689 0 0.28008915338522961 0 1 0 -0.28008915338522961 0 -0.95997399243726689</Rotation>
<Translation>0.27289206610077127 0.0020000000000017226 1.253068963196823</Translation>
</Transform>
</Instance>
<Instance name="On-Board-Computer-1" uid="On-Board-Computer-1" entityUid="On-Board-Computer*:*Default">
<Transform>
<Rotation>1 0 0 0 1 0 0 0 1</Rotation>
<Translation>-0.036749999999995779 0.0020000000000017647 0.45150399008656372</Translation>
</Transform>
</Instance>
</InstanceTree>
<Constraints>
<Angle name="Angle5">
<ConstraintGeometry geomType="plane">
<InstancePath>
<Uid>TopView-1</Uid>
</InstancePath>
<Position>-0.12738684265729805 0.017000000000000272 0.34761812593176983</Position>
<Axis>-0.96996197853775268 0 -0.24325657276038479</Axis>
</ConstraintGeometry>
<ConstraintGeometry geomType="plane">
<InstancePath>
<Uid>Arm1-8-1</Uid>
</InstancePath>
<Position>0.31327000000000016 -0.012499999999999997 0</Position>
<Axis>1.0000000000000002 0 -1.6653345369377348e-16</Axis>
</ConstraintGeometry>
</Angle>
<Angle name="Angle6">
<ConstraintGeometry geomType="plane">
<InstancePath>
<Uid>Arm2-7-2</Uid>
</InstancePath>
<Position>0.31400000000000006 -0.012499999999999997 0</Position>
<Axis>1.0000000000000002 0 0</Axis>
</ConstraintGeometry>
<ConstraintGeometry geomType="plane">
<InstancePath>
<Uid>TopView-1</Uid>
</InstancePath>
<Position>-0.2876261207861775 0.017000000000000012 0.9435856667570397</Position>
<Axis>-0.95387977826639414 0 -0.30018888822615453</Axis>
</ConstraintGeometry>
</Angle>
<Angle name="Angle7">
<ConstraintGeometry geomType="plane">
<InstancePath>
<Uid>Arm3-6-2</Uid>
</InstancePath>
<Position>0.34011000000000013 -0.012500000000000001 0</Position>
<Axis>1.0000000000000002 0 0</Axis>
</ConstraintGeometry>
<ConstraintGeometry geomType="plane">
<InstancePath>
<Uid>TopView-1</Uid>
</InstancePath>
<Position>-0.38521192538365884 0.017000000000000015 1.3148137039226873</Position>
<Axis>-0.95997399243726644 0 0.28008915338523027</Axis>
</ConstraintGeometry>
</Angle>
<Angle name="Angle8">
<ConstraintGeometry geomType="plane">
<InstancePath>
<Uid>Arm4-5-2</Uid>
</InstancePath>
<Position>0.37820000000000031 -0.012500000000000032 0</Position>
<Axis>1.0000000000000002 0 0</Axis>
</ConstraintGeometry>
<ConstraintGeometry geomType="plane">
<InstancePath>
<Uid>TopView-1</Uid>
</InstancePath>
<Position>-0.18623254840202719 0.017000000000000001 1.4971547953972708</Position>
<Axis>-0.3420201433256676 0 0.93969262078590876</Axis>
</ConstraintGeometry>
</Angle>
<Angle name="Angle9">
<ConstraintGeometry geomType="plane">
<InstancePath>
<Uid>Arm4-5-1</Uid>
</InstancePath>
<Position>0.37819999999999987 -0.012500000000000049 0</Position>
<Axis>1 -1.3399235696088659e-16 -1.6653345369377348e-16</Axis>
</ConstraintGeometry>
<ConstraintGeometry geomType="plane">
<InstancePath>
<Uid>TopView-1</Uid>
</InstancePath>
<Position>0.18623254840202719 0.017000000000000001 1.4971547953972708</Position>
<Axis>0.3420201433256676 0 0.93969262078590876</Axis>
</ConstraintGeometry>
</Angle>
<Angle name="Angle10">
<ConstraintGeometry geomType="plane">
<InstancePath>
<Uid>Arm3-6-1</Uid>
</InstancePath>
<Position>0.34010999999999991 -0.012500000000000001 0</Position>
<Axis>1 0 0</Axis>
</ConstraintGeometry>
<ConstraintGeometry geomType="plane">
<InstancePath>
<Uid>TopView-1</Uid>
</InstancePath>
<Position>0.38521192538365884 0.017000000000000015 1.3148137039226873</Position>
<Axis>0.95997399243726644 0 0.28008915338523027</Axis>
</ConstraintGeometry>
</Angle>
<Angle name="Angle11">
<ConstraintGeometry geomType="plane">
<InstancePath>
<Uid>Arm2-7-1</Uid>
</InstancePath>
<Position>0.31399999999999995 -0.012500000000000067 -1.1102230246251565e-16</Position>
<Axis>1.0000000000000002 -2.3043857361979901e-16 0</Axis>
</ConstraintGeometry>
<ConstraintGeometry geomType="plane">
<InstancePath>
<Uid>TopView-1</Uid>
</InstancePath>
<Position>0.2876261207861775 0.017000000000000012 0.9435856667570397</Position>
<Axis>0.95387977826639414 0 -0.30018888822615453</Axis>
</ConstraintGeometry>
</Angle>
<Angle name="Angle12">
<ConstraintGeometry geomType="plane">
<InstancePath>
<Uid>Arm1-8-2</Uid>
</InstancePath>
<Position>0.31327000000000005 -0.01250000000000006 0</Position>
<Axis>1.0000000000000002 -1.9673758598065908e-16 0</Axis>
</ConstraintGeometry>
<ConstraintGeometry geomType="plane">
<InstancePath>
<Uid>TopView-1</Uid>
</InstancePath>
<Position>0.12738684265729805 0.017000000000000272 0.34761812593176983</Position>
<Axis>0.96996197853775268 0 -0.24325657276038479</Axis>
</ConstraintGeometry>
</Angle>
<Coincident name="Coincident22">
<ConstraintGeometry geomType="plane">
<InstancePath>
<Uid>Arm_2nd-1</Uid>
</InstancePath>
<Position>0 0 0</Position>
<Axis>-1.0000000000000002 0 0</Axis>
</ConstraintGeometry>
<ConstraintGeometry geomType="plane">
<InstancePath>
<Uid>Arm_1st-1</Uid>
</InstancePath>
<Position>0.011999999999999997 -0.017500000000000016 0.029999999999999985</Position>
<Axis>-1.0000000000000002 0 0</Axis>
</ConstraintGeometry>
</Coincident>
<Concentric name="Concentric9">
<ConstraintGeometry geomType="cylinder">
<InstancePath>
<Uid>Arm_1st-1</Uid>
</InstancePath>
<Position>-0.015999999999999997 0.50960000000000005 0.015000000000000027</Position>
<Axis>1.0000000000000002 0 0</Axis>
</ConstraintGeometry>
<ConstraintGeometry geomType="cylinder">
<InstancePath>
<Uid>Arm_Base-2</Uid>
</InstancePath>
<Position>0.0052132034355964404 0.029499999999999992 -0.08899999999999994</Position>
<Axis>-1.0000000000000002 0 0</Axis>
</ConstraintGeometry>
</Concentric>
<Coincident name="Coincident23">
<ConstraintGeometry geomType="plane">
<InstancePath>
<Uid>Arm_1st-1</Uid>
</InstancePath>
<Position>-0.014000000000000002 -0.017500000000000016 0.029999999999999957</Position>
<Axis>-1.0000000000000002 0 0</Axis>
</ConstraintGeometry>
<ConstraintGeometry geomType="plane">
<InstancePath>
<Uid>Arm_Base-2</Uid>
</InstancePath>
<Position>-0.015999999999999997 0.058999999999999983 -0.061999999999999972</Position>
<Axis>1.0000000000000002 0 -4.4607175096546463e-16</Axis>
</ConstraintGeometry>
</Coincident>
<Tangent name="Tangent12">
<ConstraintGeometry geomType="cylinder">
<InstancePath>
<Uid>Arm_1st-1</Uid>
</InstancePath>
<Position>-0.018700000000000001 -0.012749999999999984 0.021249999999999977</Position>
<Axis>1.0000000000000002 0 0</Axis>
</ConstraintGeometry>
<ConstraintGeometry geomType="cylinder">
<InstancePath>
<Uid>Servo X20-7512-1</Uid>
</InstancePath>
<Position>0.0062500000000000194 0.023749999999999993 0.030999999999999996</Position>
<Axis>0 0 1.0000000000000002</Axis>
</ConstraintGeometry>
</Tangent>
<Coincident name="Coincident24">
<ConstraintGeometry geomType="plane">
<InstancePath>
<Uid>Arm_1st-1</Uid>
</InstancePath>
<Position>-0.018700000000000001 -0.012749999999999984 0.0087499999999999939</Position>
<Axis>-1.0000000000000002 0 0</Axis>
</ConstraintGeometry>
<ConstraintGeometry geomType="plane">
<InstancePath>
<Uid>Servo X20-7512-1</Uid>
</InstancePath>
<Position>-0.00066999999999999005 0.025419999999999998 0.033499999999999995</Position>
<Axis>0 0 1.0000000000000002</Axis>
</ConstraintGeometry>
</Coincident>
<Concentric name="Concentric13">
<ConstraintGeometry geomType="cylinder">
<InstancePath>
<Uid>Arm_1st-1</Uid>
</InstancePath>
<Position>0.0099999999999999985 0.50960000000000005 0.015000000000000013</Position>
<Axis>1.0000000000000002 0 0</Axis>
</ConstraintGeometry>
<ConstraintGeometry geomType="cylinder">
<InstancePath>
<Uid>Servo SSPS-105-1</Uid>
</InstancePath>
<Position>0.027500000000000004 0.068999999999999992 0.010000000000000002</Position>
<Axis>0 0 -1.0000000000000002</Axis>
</ConstraintGeometry>
</Concentric>
<Tangent name="Tangent11">
<ConstraintGeometry geomType="cylinder">
<InstancePath>
<Uid>Arm_Base-2</Uid>
</InstancePath>
<Position>-0.060186752912848349 0.052999999999999978 -0.0039999999999999758</Position>
<Axis>1.0000000000000002 0 0</Axis>
</ConstraintGeometry>
<ConstraintGeometry geomType="cylinder">
<InstancePath>
<Uid>Servo SSPS-105-1</Uid>
</InstancePath>
<Position>0.050999999999999969 -0.016000000000000028 -0.026000000000000006</Position>
<Axis>0 0 -1.0000000000000002</Axis>
</ConstraintGeometry>
</Tangent>
<Coincident name="Coincident26">
<ConstraintGeometry geomType="plane">
<InstancePath>
<Uid>Arm_Base-2</Uid>
</InstancePath>
<Position>0.046999999999999993 0.05899999999999999 0</Position>
<Axis>-1.0000000000000002 0 0</Axis>
</ConstraintGeometry>
<ConstraintGeometry geomType="plane">
<InstancePath>
<Uid>Servo SSPS-105-1</Uid>
</InstancePath>
<Position>0 0 -0.029000000000000015</Position>
<Axis>0 0 -1.0000000000000002</Axis>
</ConstraintGeometry>
</Coincident>
<Concentric name="Concentric16">
<ConstraintGeometry geomType="cylinder">
<InstancePath>
<Uid>Arm_Base-2</Uid>
</InstancePath>
<Position>0 0.029499999999999998 -0.13899999999999996</Position>
<Axis>0 0 0.99999999999999989</Axis>
</ConstraintGeometry>
<ConstraintGeometry geomType="cylinder">
<InstancePath>
<Uid>Servo PGS-CX II-1</Uid>
</InstancePath>
<Position>0 0.011000000000000003 0.042199999999999974</Position>
<Axis>0 0 -0.99999999999999967</Axis>
</ConstraintGeometry>
</Concentric>
<Coincident name="Coincident27">
<ConstraintGeometry geomType="plane">
<InstancePath>
<Uid>Arm_Base-2</Uid>
</InstancePath>
<Position>0 0.029499999999999998 -0.14099999999999996</Position>
<Axis>0 0 -0.99999999999999989</Axis>
</ConstraintGeometry>
<ConstraintGeometry geomType="plane">
<InstancePath>
<Uid>Servo PGS-CX II-1</Uid>
</InstancePath>
<Position>0 0.011000000000000003 0.038199999999999977</Position>
<Axis>0 0 0.99999999999999967</Axis>
</ConstraintGeometry>
</Coincident>
<Tangent name="Tangent14">
<ConstraintGeometry geomType="cylinder">
<InstancePath>
<Uid>Arm_2nd-1</Uid>
</InstancePath>
<Position>0.0057499999999999999 -0.027392730695564027 -0.0049999999999999975</Position>
<Axis>0 1.0000000000000002 0</Axis>
</ConstraintGeometry>
<ConstraintGeometry geomType="cylinder">
<InstancePath>
<Uid>Servo D5545GS-1</Uid>
</InstancePath>
<Position>-0.0062500000000000003 0.02375 0.031000000000000014</Position>
<Axis>0 0 1.0000000000000002</Axis>
</ConstraintGeometry>
</Tangent>
<Tangent name="Tangent13">
<ConstraintGeometry geomType="cylinder">
<InstancePath>
<Uid>Arm_2nd-1</Uid>
</InstancePath>
<Position>0.018250000000000006 -0.027392730695563999 -0.0049999999999999975</Position>
<Axis>0 1.0000000000000002 0</Axis>
</ConstraintGeometry>
<ConstraintGeometry geomType="cylinder">
<InstancePath>
<Uid>Servo D5545GS-1</Uid>
</InstancePath>
<Position>0.0062500000000000056 0.02375 0.030999999999999986</Position>
<Axis>0 0 1.0000000000000002</Axis>
</ConstraintGeometry>
</Tangent>
<Coincident name="Coincident28">
<ConstraintGeometry geomType="plane">
<InstancePath>
<Uid>Arm_2nd-1</Uid>
</InstancePath>
<Position>0.021999999999999999 0.018000000000000016 -0.46521249694973144</Position>
<Axis>1.7352655770630498e-16 -1.0000000000000002 0</Axis>
</ConstraintGeometry>
<ConstraintGeometry geomType="plane">
<InstancePath>
<Uid>Servo D5545GS-1</Uid>
</InstancePath>
<Position>-0.00067000000000000046 0.025420000000000015 0.030500000000000013</Position>
<Axis>0 0 -1.0000000000000002</Axis>
</ConstraintGeometry>
</Coincident>
<Concentric name="Concentric19">
<ConstraintGeometry geomType="cylinder">
<InstancePath>
<Uid>wrist_1st_joint-1</Uid>
</InstancePath>
<Position>0 -0.0045499999999999985 0.023000000000000017</Position>
<Axis>0 1.0000000000000002 0</Axis>
</ConstraintGeometry>
<ConstraintGeometry geomType="cylinder">
<InstancePath>
<Uid>Servo D5545GS-1</Uid>
</InstancePath>
<Position>0 0.011000000000000006 0.042200000000000029</Position>
<Axis>0 0 -1.0000000000000002</Axis>
</ConstraintGeometry>
</Concentric>
<Coincident name="Coincident29">
<ConstraintGeometry geomType="plane">
<InstancePath>
<Uid>wrist_1st_joint-1</Uid>
</InstancePath>
<Position>0 0.0040000000000000313 0.023000000000000017</Position>
<Axis>0 1.0000000000000002 0</Axis>
</ConstraintGeometry>
<ConstraintGeometry geomType="plane">
<InstancePath>
<Uid>Servo D5545GS-1</Uid>
</InstancePath>
<Position>0 0.011000000000000006 0.038200000000000026</Position>
<Axis>0 0 1.0000000000000002</Axis>
</ConstraintGeometry>
</Coincident>
<Tangent name="Tangent15">
<ConstraintGeometry geomType="cylinder">
<InstancePath>
<Uid>wrist_1st_joint-1</Uid>
</InstancePath>
<Position>0.039738970202910957 0.0062500000000000056 -0.061750000000000034</Position>
<Axis>-1 0 0</Axis>
</ConstraintGeometry>
<ConstraintGeometry geomType="cylinder">
<InstancePath>
<Uid>Servo D5545GS-3</Uid>
</InstancePath>
<Position>0.0062499999999999778 -0.023749999999999986 0.030999999999999993</Position>
<Axis>0 0 1</Axis>
</ConstraintGeometry>
</Tangent>
<Coincident name="Coincident31">
<ConstraintGeometry geomType="plane">
<InstancePath>
<Uid>wrist_1st_joint-1</Uid>
</InstancePath>
<Position>-0.0247 -0.0020000000000000018 -0.012250000000000011</Position>
<Axis>-1 0 0</Axis>
</ConstraintGeometry>
<ConstraintGeometry geomType="plane">
<InstancePath>
<Uid>Servo D5545GS-3</Uid>
</InstancePath>
<Position>-0.00067000000000000393 0.025419999999999998 0.033500000000000002</Position>
<Axis>0 0 1</Axis>
</ConstraintGeometry>
</Coincident>
<Concentric name="Concentric21">
<ConstraintGeometry geomType="cylinder">
<InstancePath>
<Uid>wrist_1st_joint-1</Uid>
